-1.0488363466551633 0.19124527007681194
2.095356784637748 0.08953300921368398
0.9945024177133417 0.3117025113502578
0.6677943829258064 0.68693287069215
1.832990777609054 0.2419711176210856
-0.8270625061853182 0.6473989649515374
-0.7451165924872617 0.9150343856655827
1.0291418855573633 -0.44070476539139414
0.17946242471324225 0.733242099597984
-0.44114242757438926 0.9430610928648864
0.2861011667347777 0.13982062974769266
0.20704643881171178 -0.06741235878247999
-0.010274637472850151 0.9218815294592652
0.21128253406521247 0.29352821043448024
0.05327576086289252 0.8891644155814542
1.2359352153453178 -0.5498771864108188
0.8820489398638471 0.3263494848976758
1.228094284728238 -0.05948831449496392
1.2475314604041943 -0.3614369806294132
-0.8173840401523651 0.5871203094988066
0.7396565446749561 0.6784199723530324
0.0025116654163666527 0.43400683053382105
2.11367733430185 0.33059843604939726
0.46022354125170595 0.8602236667987327
0.8259556912770278 0.015250130148704494
-0.5823068084586686 0.7692915871074392
0.8910054684084217 -0.4826533056720413
1.7468802952243971 -0.10596136481481952
1.0456107903195364 0.1470297373502057
1.0422637641159425 0.5006107250232424
0.5011554528927225 -0.17006767077647406
0.7022362733415494 0.41370868689708756
0.599873073945808 0.9857603705659463
1.4746734667619483 -0.36777058901561926
-1.0149707686110918 0.30589465555023165
-0.14432318415709522 0.650288649036885
-0.19540900422561763 1.021209173400424
1.5102227763399951 -0.4227968169024867
-0.6907727416637989 0.7309290812728255
0.07497244251866712 0.22249516456532908
-0.29692374514994513 1.0166343576261283
1.0258494319151938 -0.5384573121185843
-0.9301810279293764 0.48487624820196795
1.8353281882650325 -0.16007831301022935
0.04703423586458111 0.49295885978526116
-0.9227186090098278 0.3905604809882818
-0.6971305174991933 0.7158156704465772
1.2021838635070465 -0.34196130611923303
0.7333586578668578 0.6664534677262073
0.05665269958442658 -0.0743953882889754
0.3044823100678922 0.9117648189338313
2.1801205222626843 0.31508298768054777
0.17312026605726102 0.8923604208673385
0.6581007883844301 0.8114909433854454
0.031317106915568216 0.41068128392537384
0.7899655094647685 0.7807946163655314
0.8490707998079694 -0.5408603274610443
-1.0094491159860832 0.5900125337360446
1.9825796332229628 -0.019204909720002786
2.0394853642275566 0.4210870255315134
0.7204281543455052 0.7524232308603154
1.5654566539701815 -0.4625272051948339
-0.06557131363062563 0.9547229594512106
-1.0645735877061289 0.40925018732841034
1.9279801697855812 0.36602752389553755
1.973079204194192 -0.06840665549604505
1.5667045358392662 -0.19760255976367289
0.7290214356939595 -0.48782973444437877
-0.8899695151248355 0.050860442160716966
0.7995903964261422 -0.3787892483296522
0.9437248015143657 0.35137267224136887
0.7359697006106624 -0.39614046109358264
-0.5863362364583685 0.769813070902425
0.007995775962810037 0.2690798228463567
0.09351972996208391 0.3758489069353354
1.3858976829802692 -0.34323136188593983
2.080851558052768 0.1262870530003205
-0.22298775453471903 1.0899084583110938
1.1112018802775432 -0.5267005466814698
0.816863365272084 0.12327173591522289
0.567065792080965 -0.45489001764384634
-0.9302725059790965 -0.04239620437440769
1.6879874726323854 -0.31825845947991915
0.5674150154997779 -0.26434254321583484
0.42285965334718784 -0.03428779938317511
0.6552732923048556 -0.36683378308375114
0.2710479574678674 -0.29344496367124173
1.3371795297786744 -0.4095217510972446
0.25640423412674956 0.9628516836294099
-0.8874253361334349 -0.09756333573112917
1.782898053292836 -0.2943285008289814
0.7953053598221271 0.5940939090182424
0.30566823003302235 0.9427056589710031
0.28157079150837977 -0.19210057377337456
-0.2239798289768734 1.1065574071470654
1.8501320219038557 0.05194210884285974
0.19427638162022823 -0.19501776823032294
-0.7984008056919425 0.6584316903430224
-0.8890928963887471 0.7187834090507269
-0.35011063064478976 0.9273507249833732
